10
tourism=information
47
52925
14587
42049
29082
25583
2769
27193
42205
30405
4303
28189
53074
3305
4916
34303
4561
28289
22174
14288
31298
21925
36714
2494
41283
26822
49886
16374
29473
53329
4586
4604
30090
53086
37693
2451
36178
2213
24962
38902
28204
2961
21206
18371
43897
1627
33205
40025
tourism=hotel
51
53147
13278
47462
16012
26663
35795
49107
6828
12857
33476
17709
29419
13199
43500
48041
32633
38095
27430
11300
6254
1259
12265
31743
13950
6571
37229
26939
2478
31272
43047
38437
1647
45079
35784
5042
41935
42214
5699
4676
30866
10659
26960
5557
3236
10236
6145
21850
9284
27375
14222
26785
tourism=attraction
49
35225
3295
41920
27772
41230
26488
27768
20318
26432
48495
45026
1490
36001
18701
51739
10974
31352
30732
23990
41287
42184
38464
52453
26662
52894
39185
31860
30307
27977
27047
5352
20796
33348
45473
28663
12603
41341
35125
26956
52269
22542
34102
11344
36537
8229
33626
44982
37792
27203
tourism=viewpoint
52
53407
11950
26118
29546
27784
48884
10456
31907
22024
2219
33790
5808
23072
28232
1273
33975
21067
39639
35084
41663
41120
14663
718
40286
40034
31359
17735
8990
43087
962
52291
33590
10088
33816
27650
47659
28479
33206
4190
40571
18441
5973
53311
23062
45704
32590
30452
36581
6153
48284
9276
21495
tourism=guest_house
50
53538
27559
16635
53192
53384
7026
4128
45530
225
24716
1212
706
38944
1014
26061
10764
24459
51972
39274
24333
22288
13042
41382
18048
37733
52392
7914
12611
2410
49310
7931
24043
42198
27877
12916
29598
7800
1934
7793
29456
46473
47329
39702
3995
13921
17193
10243
5117
5298
27248
tourism=picnic_site
50
26
22223
1711
27398
34630
27026
52721
29425
4108
30210
30250
28765
21176
5989
29839
33238
36153
20763
28239
35530
30532
45717
32788
5350
50242
2924
51875
15482
7370
37921
33049
2213
7070
46390
47561
29287
30570
15132
41122
31474
27682
30499
7377
44190
49256
31306
33158
24649
2910
42823
tourism=artwork
50
26871
18013
4516
14793
53297
49722
28392
51451
27195
47004
26642
3110
28311
9947
11636
29948
4111
3707
12963
16510
42824
30212
5939
3150
40022
6255
11804
17801
44993
35621
6098
18478
13929
14070
20358
30262
20904
47106
26185
25393
34088
44162
43346
48080
42618
9108
31177
19957
862
189
tourism=camp_site
20
238
21983
24933
591
39581
15988
28498
32063
5685
3203
20635
31669
29169
43521
14670
1890
48928
47081
47679
33703
tourism=museum
52
36869
28445
1144
27083
5578
18558
30413
43885
5079
20389
45901
53110
22011
16247
6214
42368
31399
29319
13494
39998
30503
34922
858
17327
16851
26656
2313
4706
35895
7388
34158
46400
6255
16931
1823
52037
19409
31456
3762
31876
40707
40980
25642
15882
5724
609
1495
31774
25293
10112
10697
45674
tourism=*
22
17001
18083
42099
24107
14820
396
39184
5985
42639
12643
31721
6096
38021
12749
32397
39255
34154
11838
52520
27006
21180
28590